cmd: ./TestProductMatrix.exe 1024
events: Ir
fl=./csu/../csu/libc-start.c
fn=__libc_start_main@@GLIBC_2.34
128 2
134 3
135 7
138 1
139 2
142 3
143 2
144 11
145 4
242 13
311 3
312 3
337 6
340 2
343 2
350 2
352 2
360 4
fl=./csu/../sysdeps/nptl/libc_start_call_main.h
fn=(below main)
29 9
44 3
46 2
51 2
52 2
55 2
58 6
74 2
fl=./csu/./csu/init-first.c
fn=_init_first
46 6
51 2
55 5
61 1
62 1
63 2
71 2
72 3
fl=./ctype/./ctype/ctype-info.c
fn=__ctype_init
29 1
31 7
33 4
35 4
36 1
fl=./debug/../sysdeps/x86_64/multiarch/ifunc-memmove.h
fn=__memcpy_chk
56 2
57 3
60 3
61 2
74 2
103 2
108 3
113 4
fn=__memmove_chk
56 2
57 3
60 3
61 2
74 2
103 2
108 3
113 4
fn=__mempcpy_chk
56 2
57 3
60 3
61 2
74 2
103 2
108 3
113 4
fl=./debug/../sysdeps/x86_64/multiarch/ifunc-memset.h
fn=__memset_chk
54 5
57 3
58 2
64 2
73 2
103 4
fl=./debug/../sysdeps/x86_64/multiarch/memcpy_chk.c
fn=__memcpy_chk
29 2
fl=./debug/../sysdeps/x86_64/multiarch/memmove_chk.c
fn=__memmove_chk
29 2
fl=./debug/../sysdeps/x86_64/multiarch/mempcpy_chk.c
fn=__mempcpy_chk
29 2
fl=./debug/../sysdeps/x86_64/multiarch/memset_chk.c
fn=__memset_chk
29 2
fl=./elf/../bits/stdlib-bsearch.h
fn=intel_check_word.constprop.0
27 96
28 48
29 744
31 648
32 348
35 276
37 96
fl=./elf/../elf/dl-tls.c
fn=_dl_add_to_slotinfo
1017 27
1023 3
1026 3
1027 3
1031 9
1065 6
1068 6
1069 9
1072 18
fn=_dl_allocate_tls_init
523 11
524 2
528 2
531 1
534 2
537 3
549 1
554 27
560 9
563 9
564 6
570 9
571 6
573 24
576 6
577 6
580 6
581 12
583 6
584 6
593 3
601 6
603 30
609 3
615 2
618 2
621 9
fn=_dl_allocate_tls_storage
365 1
369 1
370 1
371 2
374 1
380 2
417 7
419 1
430 1
431 1
432 2
440 6
441 1
445 305
464 1
470 7
fn=_dl_assign_tls_modid
125 12
128 6
141 3
181 3
183 3
186 3
187 6
fn=_dl_count_modids
192 1
194 2
195 1
210 2
fn=_dl_determine_tlsoffset
216 9
217 1
218 1
219 1
222 4
225 2
259 1
261 25
263 9
265 9
266 6
268 6
270 15
281 3
286 24
288 6
289 3
294 3
301 1
302 7
304 2
354 1
355 8
fn=_dl_tls_static_surplus_init
83 3
97 8
100 6
101 5
102 3
104 4
107 1
109 1
111 3
112 6
fl=./elf/../include/list.h
fn=__tls_init_tp
43 2
44 2
45 1
47 1
fl=./elf/../include/rtld-malloc.h
fn=__minimal_calloc
56 17
fn=_dl_allocate_tls_storage
44 2
56 1
fn=_dl_check_map_versions
44 18
fn=_dl_find_object_init
56 2
fn=_dl_important_hwcaps
56 4
fn=_dl_init_paths
56 5
fn=_dl_map_object_deps
56 12
fn=_dl_new_object
44 18
56 15
fn=do_lookup_x
44 13
fn=fillin_rpath.isra.0
50 2
51 1
56 2
fn=init_tls
44 2
fl=./elf/../include/scratch_buffer.h
fn=_dl_map_object_deps
77 2
78 1
85 3
131 20
fl=./elf/../misc/sbrk.c
fn=sbrk
37 6
40 1
58 2
62 2
78 5
fl=./elf/../nptl/nptl-stack.h
fn=__libc_early_init
61 8
fl=./elf/../sysdeps/generic/_itoa.h
fn=_dl_check_map_versions
76 39
fl=./elf/../sysdeps/generic/dl-cache.h
fn=_dl_load_cache_lookup
125 4
194 1
195 5
fl=./elf/../sysdeps/generic/dl-call_tls_init_tp.h
fn=init_tls
31 8
33 1
fl=./elf/../sysdeps/generic/dl-debug.h
fn=dl_main
29 4
30 1
fl=./elf/../sysdeps/generic/dl-hash.h
fn=__rtld_malloc_init_real
43 1
44 1
45 19
48 18
62 24
67 1
72 1
fl=./elf/../sysdeps/generic/dl-new-hash.h
fn=_dl_lookup_symbol_x
69 1896
70 3792
74 41003
77 82006
80 40056
81 80112
87 949
88 949
89 1898
90 949
99 39107
101 39107
102 78214
104 39107
105 39107
fl=./elf/../sysdeps/generic/dl-protected.h
fn=do_lookup_x
29 7520
fl=./elf/../sysdeps/generic/ldsodefs.h
fn=_dl_relocate_object
79 62
140 10308
fn=_dl_start
79 6
fn=do_lookup_x
139 3760
140 5640
fl=./elf/../sysdeps/nptl/dl-mutex.c
fn=__rtld_mutex_init
30 7
37 1
40 7
44 2
45 9
47 6
51 2
52 7
53 6
fl=./elf/../sysdeps/nptl/dl-tls_init_tp.c
fn=__tls_init_tp
68 5
69 1
72 1
75 4
76 2
77 1
82 2
87 4
90 1
93 3
105 4
121 3
128 2
129 3
fn=__tls_pre_init_tp
53 3
56 10
61 2
62 1
64 1
fn=rtld_mutex_dummy
42 178
44 356
fl=./elf/../sysdeps/nptl/pthread_early_init.h
fn=__libc_early_init
33 6
34 1
38 5
45 2
46 1
48 2
52 5
53 1
54 1
56 1
fl=./elf/../sysdeps/posix/dl-fileid.h
fn=_dl_map_object_from_fd
37 20
40 20
49 60
fl=./elf/../sysdeps/unix/sysv/linux/brk.c
fn=brk
36 1
37 1
38 2
44 1
45 1
fl=./elf/../sysdeps/unix/sysv/linux/brk_call.h
fn=brk
24 2
fl=./elf/../sysdeps/unix/sysv/linux/dl-osinfo.h
fn=dl_main
39 2
52 1
fl=./elf/../sysdeps/unix/sysv/linux/dl-parse_auxv.h
fn=_dl_sysdep_parse_arguments
32 2
33 1
34 1
41 93
42 44
43 44
45 1
46 2
47 2
48 2
49 1
51 2
52 2
53 2
54 2
56 2
fl=./elf/../sysdeps/unix/sysv/linux/dl-sysdep.c
fn=_dl_sysdep_parse_arguments
78 7
79 2
80 2
81 3
82 61
83 125
86 2
90 56
93 5
94 2
95 3
96 6
fn=_dl_sysdep_start
102 6
103 1
106 2
110 2
113 1
115 2
122 3
123 2
125 5
137 3
140 5
143 4
fn=_dl_sysdep_start_cleanup
147 1
148 1
fl=./elf/../sysdeps/unix/sysv/linux/dl-vdso-setup.h
fn=dl_main
30 1
33 1
36 1
39 1
45 1
fl=./elf/../sysdeps/unix/sysv/linux/dl-vdso.h
fn=dl_main
40 2
41 5
55 2
fl=./elf/../sysdeps/unix/sysv/linux/rseq-internal.h
fn=__tls_init_tp
32 3
34 7
37 2
40 1
fl=./elf/../sysdeps/unix/sysv/linux/x86/dl-hwcap2.h
fn=update_active.constprop.0
25 2
fl=./elf/../sysdeps/unix/sysv/linux/x86/dl-minsigstacksize.h
fn=get_common_indices.constprop.0
24 2
27 2
28 2
65 3
72 1
74 1
fl=./elf/../sysdeps/x86/cpu-features.c
fn=get_common_indices.constprop.0
398 3
402 4
405 5
409 1
410 4
411 4
412 4
413 3
414 2
421 2
423 9
428 8
435 2
436 7
442 2
457 3
fn=init_cpu_features.constprop.0
376 3
377 2
378 6
383 2
384 6
389 2
390 7
682 8
685 1
686 1
687 1
690 1
699 3
702 6
703 1
706 2
708 6
713 1
715 3
717 9
721 7
774 3
781 2
799 1
832 5
870 1
878 2
885 2
887 2
891 2
893 3
897 2
899 1
1001 3
1002 2
1005 2
1006 2
1012 1
1013 1
1014 1
1015 2
1019 4
1022 4
1028 3
1041 2
1042 4
1081 1
1082 2
1086 3
1103 2
1104 2
1127 4
1129 4
1135 4
1142 8
fn=update_active.constprop.0
72 8
76 1
84 3
85 3
86 1
94 4
95 1
103 4
104 1
109 4
112 4
113 1
116 5
117 2
121 5
122 3
123 3
124 2
128 5
129 5
130 3
132 2
133 4
147 2
151 7
152 4
154 3
158 4
161 1
164 2
178 4
180 5
186 4
188 5
190 4
195 5
244 3
245 3
261 4
277 2
281 2
282 1
285 4
289 2
293 3
294 2
296 1
297 1
300 2
302 1
305 2
356 5
360 3
369 1
370 8
fl=./elf/../sysdeps/x86/dl-cacheinfo.h
fn=get_common_cache_info.constprop.0
571 11
586 1
587 1
588 2
589 1
590 2
596 3
598 7
601 2
613 1
618 3
622 2
627 5
630 24
637 8
640 26
645 2
649 3
650 2
654 2
658 3
661 4
662 1
667 4
673 4
681 6
683 2
685 4
687 12
689 1
690 1
691 9
693 4
696 7
701 1
703 4
704 3
705 1
708 2
711 2
718 1
720 4
721 1
726 2
731 2
733 2
734 1
759 3
770 5
771 5
775 2
782 1
783 2
784 1
785 7
fn=handle_intel.constprop.0
250 108
255 24
261 12
262 12
267 48
271 24
276 24
279 60
281 24
284 60
286 24
305 96
fn=init_cpu_features.constprop.0
792 1
793 1
795 1
809 2
811 3
812 3
813 3
814 2
817 3
819 3
820 2
822 3
824 3
825 1
827 3
829 3
830 2
832 3
834 3
836 3
838 5
894 2
895 2
896 2
897 2
898 2
899 2
900 1
901 1
902 1
903 1
904 1
905 1
907 1
910 3
925 7
930 2
931 6
939 3
959 6
968 2
969 2
974 12
987 5
995 7
997 2
1000 5
1002 2
1005 5
1006 5
1010 6
1011 3
1017 7
1020 11
1021 10
1022 13
1025 10
1027 10
1040 4
1042 2
1043 2
1044 1
1045 1
1046 1
1047 1
fn=intel_check_word.constprop.0
110 648
113 324
119 216
123 48
125 12
129 120
131 144
133 60
135 120
143 120
152 12
155 138
158 99
162 58
164 189
167 120
168 72
169 60
170 48
172 11
174 22
176 12
177 16
178 12
179 20
180 14
181 12
183 8
184 12
187 21
190 2
194 192
202 168
216 48
246 144
fl=./elf/../sysdeps/x86/dl-get-cpu-features.c
fn=__x86_cpu_features
39 3
71 3
fn=_dl_x86_init_cpu_features
37 1
39 3
41 1
fl=./elf/../sysdeps/x86/dl-isa-level.h
fn=_dl_load_cache_lookup
28 24
fl=./elf/../sysdeps/x86/dl-procinfo.h
fn=_dl_load_cache_lookup
39 8
42 60
fl=./elf/../sysdeps/x86/dl-prop.h
fn=_dl_map_object_from_fd
149 20
fn=_dl_process_pt_gnu_property
95 36
102 18
115 18
118 9
252 6
253 3
254 12
255 6
257 36
258 3
260 9
fn=dl_main
36 2
37 24
40 10
49 40
53 33
71 2
149 4
235 4
236 2
fl=./elf/../sysdeps/x86/get-isa-level.h
fn=_dl_hwcaps_subdirs_active
30 4
31 1
32 3
36 3
39 4
40 4
45 4
48 2
51 5
fn=update_active.constprop.0
28 1
30 4
31 1
32 3
36 3
38 1
39 2
40 4
45 4
47 1
48 2
51 5
fl=./elf/../sysdeps/x86_64/dl-cet.c
fn=_dl_cet_check
145 2
157 2
173 1
179 1
275 2
276 1
277 2
282 4
283 3
285 2
293 5
296 1
300 2
301 1
302 2
303 2
304 2
305 2
308 1
310 1
313 2
361 8
363 6
fn=_dl_cet_setup_features
331 1
334 2
350 1
fl=./elf/../sysdeps/x86_64/dl-hwcaps-subdirs.c
fn=_dl_hwcaps_subdirs_active
29 1
38 3
43 1
52 1
fl=./elf/../sysdeps/x86_64/dl-irel.h
fn=_dl_fixup
32 4
fl=./elf/../sysdeps/x86_64/dl-machine.h
fn=_dl_fixup
234 77
fn=_dl_relocate_object
81 30
87 8
91 6
97 2
108 6
129 4
132 4
134 8
267 6906
274 6906
278 6906
287 28003
290 6925
291 136
292 13748
295 8
296 12
307 8
314 20
317 20718
320 47
323 47
346 8
347 12
352 6
354 4
363 4
393 35
400 51
402 68
406 51
415 34
423 9634
436 7
460 6
464 8
465 8
466 10
467 4
476 136
478 68
479 68
498 3060
499 1020
503 2040
504 2040
514 2224
518 2224
521 3336
522 1112
730 14
734 8
fn=_dl_start
55 1
278 9
287 27
290 6
291 12
317 8
323 2
fn=_dl_sysdep_start
220 1
fl=./elf/../sysdeps/x86_64/dl-runtime.h
fn=_dl_fixup
28 77
fl=./elf/../sysdeps/x86_64/dl-trampoline.h
fn=_dl_runtime_resolve_xsave
71 77
76 77
79 77
81 77
91 77
97 77
98 77
99 77
100 77
101 77
102 77
103 77
107 77
108 77
111 77
112 77
114 77
115 77
116 77
117 77
118 77
119 77
121 77
128 77
129 77
130 77
131 77
136 77
137 77
138 77
140 77
141 77
142 77
143 77
144 77
145 77
146 77
148 77
150 77
154 77
156 77
fl=./elf/../sysdeps/x86_64/tls_get_addr.S
fn=__tls_get_addr
29 2
30 2
31 2
33 2
34 2
35 2
38 2
39 2
43 2
44 2
45 2
46 2
fl=./elf/./dl-find_object.h
fn=_dl_find_object_from_map
95 14
96 14
97 7
103 35
104 203
105 140
107 21
112 7
fl=./elf/./dl-hwcaps.h
fn=_dl_important_hwcaps
43 9
45 7
46 1
77 8
78 8
79 6
fl=./elf/./dl-load.h
fn=_dl_map_object_from_fd
91 40
92 16
93 20
94 16
96 16
fl=./elf/./dl-main.h
fn=dl_main
109 5
fl=./elf/./dl-map-segments.h
fn=_dl_map_object_from_fd
28 15
29 45
81 5
101 5
102 15
105 15
106 10
108 10
125 5
135 120
137 60
139 150
149 80
155 10
156 5
157 15
158 10
160 10
165 10
168 15
176 35
182 10
186 16
189 4
194 20
fl=./elf/./dl-sym-post.h
fn=lookup_malloc_symbol
41 8
53 12
fl=./elf/./dl-tunable-types.h
fn=__GI___tunable_set_val
84 5
fl=./elf/./elf/dl-audit.c
fn=_dl_audit_activity_map
29 7
30 1
31 3
37 6
fn=_dl_audit_activity_nsid
41 3
45 12
46 3
47 15
fn=_dl_audit_objclose
97 7
98 28
fn=_dl_audit_objopen
77 5
78 20
fn=_dl_audit_preinit
118 1
119 4
fl=./elf/./elf/dl-cache.c
fn=_dl_cache_libcmp
357 82
358 503
360 675
362 237
368 24
369 18
370 208
372 208
374 12
380 438
382 438
383 105
386 184
387 184
390 59
fn=_dl_load_cache_lookup
191 70
205 4
208 32
210 40
211 8
213 20
220 82
222 215
223 70
227 105
231 105
232 70
240 20
242 12
245 12
247 36
249 6
259 8
269 12
270 16
286 28
295 8
298 8
301 4
302 12
330 8
346 31
347 15
349 16
403 40
405 8
408 12
411 5
419 5
420 8
423 6
424 1
431 1
432 2
477 9
482 12
485 12
500 8
512 12
513 60
514 16
515 4
516 32
fn=_dl_unload_cache
525 3
526 4
528 2
529 1
533 1
535 2
fl=./elf/./elf/dl-call-libc-early-init.c
fn=_dl_call_libc_early_init
27 7
29 2
33 5
37 2
39 4
40 2
41 3
fl=./elf/./elf/dl-call_fini.c
fn=_dl_call_fini
24 56
28 14
32 7
34 7
35 14
38 10
39 15
42 44
43 6
47 7
48 14
49 15
50 37
fl=./elf/./elf/dl-catch.c
fn=_dl_catch_error
254 12
256 2
257 2
258 2
259 2
261 6
fn=_dl_catch_exception
58 42
59 28
69 28
70 70
204 112
207 28
214 14
228 14
229 28
235 84
237 42
239 56
248 42
fn=_dl_receive_error
58 2
59 1
69 2
70 2
186 7
188 1
192 1
194 1
197 1
198 4
fl=./elf/./elf/dl-debug.c
fn=_dl_debug_initialize
56 3
57 1
59 2
61 2
63 3
64 1
85 3
90 3
91 2
92 1
95 3
96 6
99 2
107 2
fn=_dl_debug_state
116 2
117 2
fn=_dl_debug_update
38 6
40 12
41 6
44 12
48 6
fl=./elf/./elf/dl-deps.c
fn=_dl_map_object_deps
128 3
129 5
130 6
132 3
136 8
143 13
144 20
160 9
161 1
164 1
182 1
183 6
184 1
188 15
190 27
193 7
197 21
198 46
201 20
205 10
208 22
210 20
215 5
216 5
217 10
218 10
219 5
221 635
222 300
228 122
230 13
232 52
233 26
242 13
244 26
249 35
252 5
253 5
254 5
255 10
256 5
257 5
259 20
263 39
264 27
266 411
417 14
419 25
422 10
423 20
429 5
430 25
431 25
434 5
435 10
439 21
441 7
442 32
448 5
449 1
452 4
463 5
465 4
470 5
471 1
472 2
474 25
478 7
483 14
485 21
490 7
494 2
495 3
532 2
533 2
547 9
552 9
553 5
557 1
559 2
560 1
561 3
568 3
571 2
574 8
fn=openaux
61 78
64 143
65 13
68 13
69 39
fl=./elf/./elf/dl-environ.c
fn=_dl_next_ld_env_entry
28 3
29 3
32 187
34 122
35 18
37 2
40 4
42 2
45 59
fl=./elf/./elf/dl-find_object.c
fn=_dl_find_object_init
561 5
564 1
566 2
567 3
579 2
580 3
582 2
585 2
590 1
591 1
594 3
596 2
599 6
601 1
604 4
fn=_dlfo_process_initial
474 8
475 2
477 2
478 4
504 24
505 34
506 14
508 52
511 48
513 36
515 12
516 12
517 24
529 2
531 8
fn=_dlfo_sort_mappings
536 1
537 2
540 24
544 10
545 70
546 75
548 5
549 5
553 20
554 25
555 10
557 1
fl=./elf/./elf/dl-fini.c
fn=_dl_fini
26 11
43 1
46 13
49 2
51 1
54 2
56 5
61 1
63 4
68 18
73 25
75 14
77 14
79 14
80 7
81 7
85 7
87 6
88 6
94 6
103 2
108 41
110 7
112 14
114 28
117 14
122 7
126 5
132 6
134 1
138 2
145 8
fl=./elf/./elf/dl-hwcaps.c
fn=_dl_important_hwcaps
52 12
54 1
55 2
56 1
57 1
77 12
80 10
84 1
86 3
87 1
88 1
100 5
102 3
105 1
108 1
112 5
125 8
127 5
128 2
129 2
130 1
133 3
142 3
172 14
174 2
175 3
185 2
186 3
189 3
193 2
194 2
201 1
202 5
208 2
209 1
213 3
216 9
fl=./elf/./elf/dl-hwcaps_split.c
fn=_dl_hwcaps_split
25 5
26 3
27 1
47 4
fn=_dl_hwcaps_split_masked
26 32
30 24
34 78
35 12
36 24
41 36
42 18
43 12
45 6
51 80
55 5
56 18
57 27
58 21
60 3
62 64
67 6
fl=./elf/./elf/dl-init.c
fn=_dl_init
29 16
35 40
37 41
81 13
82 1
83 1
86 3
89 2
94 4
119 1
120 32
121 14
127 8
fn=call_init.part.0
26 84
43 21
46 21
47 2
51 12
59 18
60 24
63 6
64 12
70 15
72 10
73 117
74 92
76 56
fl=./elf/./elf/dl-load.c
fn=_dl_dst_count
238 117
241 26
244 26
245 13
264 117
fn=_dl_init_paths
706 13
720 4
725 1
727 3
734 3
735 2
739 4
741 4
747 1
748 1
756 8
758 8
759 4
761 5
762 7
763 4
766 13
767 10
768 18
770 32
776 1
777 1
782 1
785 3
787 4
789 3
806 1
808 3
822 2
825 5
827 23
831 2
832 60
833 14
834 28
836 1
837 1
838 2
844 6
847 3
853 1
857 8
fn=_dl_map_object
682 40
696 20
1967 168
1969 5
1975 28
1976 56
1979 307
1984 420
1986 300
1990 102
1991 153
1994 140
1995 84
1996 140
2010 20
2011 15
2019 15
2034 5
2036 25
2040 16
2042 8
2049 16
2053 4
2054 4
2058 12
2059 4
2073 20
2074 28
2075 4
2084 8
2099 8
2100 64
2106 12
2107 4
2115 4
2129 8
2131 12
2135 12
2137 8
2141 8
2149 8
2172 36
2176 12
2177 4
2194 8
2200 1
2201 4
2202 2
2203 2
2207 9
2210 3
2222 20
2267 10
2268 88
2270 131
fn=_dl_map_object_from_fd
944 70
959 20
989 95
990 40
1008 10
1036 20
1046 10
1053 40
1054 10
1065 10
1066 15
1067 10
1069 15
1070 20
1071 8
1074 17
1075 6
1086 5
1088 5
1090 110
1091 5
1092 5
1093 5
1094 5
1100 210
1101 507
1107 10
1114 13
1115 15
1116 50
1121 2
1122 1
1127 155
1135 100
1136 130
1137 100
1138 20
1139 40
1141 140
1143 40
1156 40
1157 75
1162 20
1163 205
1176 9
1180 12
1181 3
1185 15
1186 6
1189 3
1194 12
1209 10
1210 5
1213 15
1218 35
1228 95
1229 40
1235 10
1245 20
1252 35
1264 5
1268 20
1269 15
1275 14
1276 10
1278 10
1288 15
1307 15
1309 30
1361 15
1362 6
1368 170
1369 280
1375 80
1380 20
1393 10
1395 20
1397 10
1413 10
1417 10
1418 10
1435 10
1436 1
1439 10
1444 10
1449 10
1461 40
1462 15
1463 36
1464 12
1465 5
1471 10
1472 12
1477 6
1484 15
1487 10
1491 15
1492 15
1510 10
1514 35
1515 20
1519 45
fn=_dl_process_pt_gnu_property
868 18
869 12
870 6
876 12
882 30
885 18
886 12
887 12
890 18
891 18
895 6
896 12
900 18
901 9
904 18
907 9
908 36
918 18
920 24
fn=expand_dynamic_string_token
241 6
244 4
385 20
399 4
410 14
fn=fillin_rpath.isra.0
468 17
472 1
474 12
481 2
483 6
487 2
492 3
493 2
500 5
505 2
509 15
510 8
528 4
532 4
534 2
538 1
539 2
540 4
541 1
543 2
549 4
550 14
551 3
553 2
554 3
555 1
561 2
562 1
565 3
571 1
574 8
fn=open_path
1812 44
1813 8
1816 4
1817 4
1819 8
1822 8
1824 88
1827 8
1831 4
1835 24
1842 24
1843 76
1846 16
1851 55
1854 10
1860 15
1863 40
1865 15
1867 4
1872 4
1873 14
1879 6
1881 20
1882 2
1884 2
1891 37
1893 12
1937 32
1941 4
1943 16
1946 12
1960 36
fn=open_verify.constprop.0
1572 120
1604 30
1609 10
1623 50
1625 20
1633 5
1634 15
1639 30
1641 10
1643 10
1645 10
1651 10
1668 74
1749 10
1754 10
1760 20
1766 10
1772 20
1773 20
1777 16
1778 5
1799 90
fl=./elf/./elf/dl-lookup-direct.c
fn=_dl_lookup_direct
32 15
33 9
35 6
36 6
48 9
51 6
53 21
57 9
58 21
59 15
74 39
76 6
78 21
79 6
81 12
84 25
86 12
93 6
115 3
116 27
fl=./elf/./elf/dl-lookup.c
fn=_dl_lookup_symbol_x
772 24648
774 3792
775 7584
778 1896
782 7546
785 3792
787 3792
791 26624
792 32232
797 9480
799 96
816 1896
817 48
820 3792
821 13144
828 1944
856 7520
870 5640
871 2
873 3760
890 7520
892 17064
fn=check_match
70 28320
73 15104
78 18
86 9415
89 4348
93 1883
94 3766
96 3760
115 3760
116 15040
117 9380
118 8
119 8
144 6
146 18
147 12
150 2
151 7
153 3
161 1879
162 15104
fn=do_lookup_x
170 300
171 307
172 940
174 98
175 294
176 530
179 152
180 152
181 82
182 152
183 70
222 492
224 738
226 164
227 82
228 328
230 2694
231 486
234 352
235 176
254 352
257 95
258 285
259 322
262 1377
269 12
272 4
279 298
280 276
281 350
285 20
286 2
287 2
288 4
289 8
300 3
302 2
305 1
306 1
307 2
310 164
311 492
318 328
329 574
331 164
333 246
334 164
347 26544
348 1896
353 1896
354 1896
358 12360
361 12360
365 16164
386 12356
390 12356
396 18534
400 6178
401 6178
404 30890
405 18534
408 6178
409 12356
411 6178
412 5688
413 12356
415 13272
416 24712
419 43246
422 3896
423 5844
424 3896
426 3876
429 24140
431 5664
432 47750
433 3776
436 5664
439 8865
461 15032
470 473
472 2
476 3760
483 9940
487 3702
491 1
499 3596
500 1798
501 1880
518 12900
521 16
522 15168
fl=./elf/./elf/dl-minimal-malloc.c
fn=__minimal_calloc
80 85
84 17
87 17
88 51
fn=__minimal_free
97 3
99 12
fn=__minimal_malloc
36 336
37 126
42 3
43 2
44 2
48 167
51 282
56 12
57 12
59 3
60 24
62 6
64 12
65 9
67 8
70 43
71 46
73 252
fl=./elf/./elf/dl-minimal.c
fn=__rtld_malloc_init_real
76 10
86 2
87 1
89 1
91 6
92 5
93 5
94 4
99 1
100 1
101 1
102 1
103 8
fn=__rtld_malloc_init_stubs
42 1
43 2
44 2
45 2
46 2
47 1
fn=lookup_malloc_symbol
61 36
63 4
64 28
68 28
69 28
71 4
72 24
fn=strsep
239 2
242 4
244 2
245 4
247 2
249 47
251 28
254 56
256 84
264 14
267 1
271 4
fl=./elf/./elf/dl-misc.c
fn=_dl_higher_prime_number
87 2
124 2
125 2
127 26
129 80
130 30
131 6
133 7
145 2
146 2
fn=_dl_name_match_p
68 931
69 532
70 22
72 133
74 524
75 755
80 129
82 111
83 532
fn=_dl_sysdep_read_whole_file
36 11
39 3
40 2
42 6
44 2
47 2
49 8
60 3
63 8
fl=./elf/./elf/dl-object.c
fn=_dl_add_to_namespace_list
31 54
33 18
35 53
38 80
40 5
42 5
45 2
46 18
47 12
48 12
50 12
51 30
fn=_dl_new_object
59 90
62 12
64 2
66 3
67 2
71 6
77 2
80 10
83 26
87 10
92 5
95 12
98 6
99 6
100 12
103 12
104 42
106 6
119 28
123 5
125 1
127 42
130 12
131 12
132 6
136 6
139 40
141 20
149 12
150 6
153 1
155 36
157 20
160 14
164 20
168 35
176 1
179 12
189 24
191 20
195 15
199 10
200 10
208 5
212 5
245 20
250 168
251 168
255 10
256 5
259 5
263 54
fl=./elf/./elf/dl-reloc.c
fn=_dl_relocate_object
170 14084
171 6872
174 23189
175 19444
177 1621
178 6482
182 3630
183 1815
184 1815
186 14526
187 9045
188 3618
190 12802
193 1815
194 12705
196 1621
207 88
208 16
220 14
221 21
224 28
226 21
228 7
229 21
251 35
252 14
253 3
255 14
262 21
301 10279
304 35
328 7
331 14
348 21
350 64
356 42
359 14
363 14
364 42
fl=./elf/./elf/dl-runtime.c
fn=_dl_fixup
46 847
48 385
49 231
54 77
55 308
56 539
58 154
63 154
67 154
69 77
71 231
75 231
76 308
77 231
84 77
85 231
95 847
99 385
109 770
124 308
125 8
133 231
159 231
163 616
fl=./elf/./elf/dl-setup_hash.c
fn=_dl_setup_hash
25 14
28 21
31 21
32 14
33 7
34 7
36 21
37 7
38 21
40 7
41 14
43 7
45 21
50 7
fl=./elf/./elf/dl-sort-maps.c
fn=_dl_sort_maps
140 70
181 2
182 4
183 52
184 28
211 34
216 4
218 2
219 10
221 44
223 14
226 42
244 8
263 8
276 8
283 2
298 26
306 6
310 18
fn=_dl_sort_maps_init
289 4
290 4
291 1
292 3
293 2
fn=dfs_traversal.part.0
135 126
140 70
143 14
145 42
147 184
156 49
171 42
172 14
173 84
fl=./elf/./elf/dl-tunables.c
fn=__GI___tunable_set_val
72 50
82 5
93 40
94 25
97 10
100 35
104 10
111 10
112 10
115 25
116 5
117 5
118 5
153 30
157 15
fn=__GI___tunables_init
42 310
45 61
48 5495
52 122
56 244
128 1
261 10
267 4
281 10004
283 2
287 18117
304 8
fn=__tunable_get_val
387 80
390 474
399 52
400 15
409 31
416 240
418 40
fl=./elf/./elf/dl-tunables.h
fn=__GI___tunable_set_val
141 10
142 10
151 5
fn=__GI___tunables_init
160 1214
161 2885
fl=./elf/./elf/dl-version.c
fn=_dl_check_all_versions
392 7
394 1
396 26
397 7
398 63
401 7
fn=_dl_check_map_versions
36 224
37 60
38 378
56 216
64 162
70 162
86 54
87 108
89 54
94 2106
108 1836
110 54
113 432
120 2592
124 864
155 70
156 7
164 12
170 21
172 35
174 7
175 7
177 14
180 15
184 40
198 8
200 39
208 39
213 39
215 41
217 216
218 399
221 108
224 162
225 5
228 28
231 216
234 162
239 41
243 39
248 8
257 30
260 10
263 551
266 412
270 129
274 18
279 6
280 24
281 18
291 6
294 32
296 12
299 20
301 8
303 39
306 162
308 216
310 270
311 108
312 162
313 162
316 162
321 41
324 39
329 8
334 12
337 10
341 129
343 268
347 129
348 645
349 387
350 129
353 402
357 129
365 10
366 10
367 10
368 4
370 4
372 124
373 60
375 2
376 7
387 63
fl=./elf/./elf/do-rel.h
fn=_dl_relocate_object
49 42
50 42
51 7
53 70
72 8
73 9
80 42
83 3352
85 4448
96 12
97 4
114 36
123 3088
124 2040
126 36
129 40
131 14114
133 17575
134 14060
135 10545
136 14060
138 10545
141 272
142 68
143 68
147 3447
150 10364
151 141
164 24
165 285
166 252
169 204
171 272
172 68
173 136
180 31
182 42
183 12
185 18
193 6
196 18
211 7
fn=_dl_start
49 6
50 4
51 1
53 10
56 4
61 13
63 9
64 6
65 3
fl=./elf/./elf/get-dynamic-info.h
fn=_dl_map_object_from_fd
39 10
43 5
45 567
49 276
51 74
52 37
53 6
54 129
55 109
56 25
59 20
62 20
64 20
68 138
72 20
84 17
85 20
86 20
87 20
88 17
89 19
90 19
91 20
103 40
110 16
115 8
122 8
123 15
129 15
130 6
147 15
152 4
154 4
156 4
158 4
159 4
162 15
164 9
165 6
174 6
175 9
180 6
181 6
184 10
fl=./elf/./elf/libc-dl-profstub.c
fn=_dl_mcount_wrapper_check
36 128
37 384
38 128
fl=./elf/./elf/libc_early_init.c
fn=__libc_early_init
33 9
35 1
38 2
41 2
47 4
49 2
fl=./elf/./elf/rtld.c
fn=_dl_start
85 8
458 2
476 3
477 1
478 2
488 1
494 4
496 2
517 16
543 1
546 2
547 4
563 190
565 1
578 1
585 9
fn=dl_main
85 17
92 12
93 2
101 9
197 2
199 1
224 3
225 5
226 4
296 3
302 1
303 1
837 1
839 1
848 1
850 1
855 1
1115 1
1116 1
1118 1
1122 3
1124 1
1125 1
1140 1
1143 46
1144 117
1148 3
1153 3
1154 9
1163 2
1164 2
1166 1
1173 3
1191 2
1199 8
1200 17
1201 8
1202 1
1204 12
1205 14
1209 8
1210 8
1211 4
1215 12
1243 2
1247 3
1253 28
1254 61
1260 17
1266 4
1269 3
1271 3
1346 13
1351 1
1352 1
1357 1
1373 3
1374 4
1637 10
1639 2
1640 3
1641 2
1642 3
1646 2
1647 2
1672 3
1673 5
1674 3
1675 3
1678 1
1680 1
1681 1
1683 2
1684 2
1688 2
1690 2
1698 4
1705 2
1708 2
1733 4
1735 1
1740 2
1743 4
1744 4
1745 3
1746 1
1747 1
1748 1
1759 2
1760 2
1762 2
1764 1
1765 3
1770 5
1771 5
1773 3
1779 2
1788 2
1792 1
1793 2
1817 2
1823 1
1824 1
1825 1
1829 3
1834 3
1836 1
1838 2
1842 5
1847 2
1863 6
1939 4
1943 19
1944 1
1947 3
1948 1
1949 2
1950 2
1955 3
1965 9
1971 31
1972 18
1975 3
1976 2
1977 1
1979 26
1980 12
1984 2
1990 1
1992 3
1993 2
1995 2
1997 3
1999 3
2000 1
2001 2
2013 2
2014 2
2015 3
2026 5
2027 4
2028 5
2038 2
2039 2
2040 4
2042 2
2047 3
2246 3
2250 3
2256 2
2259 2
2267 2
2279 3
2282 3
2284 3
2285 6
2292 2
2293 30
2295 14
2300 14
2302 16
2304 1
2305 1
2308 7
2310 14
2311 48
2315 20
2316 9
2325 2
2329 4
2331 1
2338 4
2341 2
2345 3
2347 2
2357 1
2362 3
2365 1
2371 1
2372 5
2380 3
2387 1
2390 3
2394 3
2395 1
2396 1
2397 1
2401 1
2406 8
2538 1
2598 1
2600 2
2602 15
2604 2
2606 107
2607 19
2615 13
2640 2
2650 4
2652 2
2653 1
2687 5
2689 2
2690 2
2691 1
2727 5
2749 3
fn=handle_preload_list
183 3
806 1
810 2
811 2
812 1
814 1
816 6
817 3
825 3
869 13
870 3
874 5
877 4
878 3
880 4
881 2
887 1
889 2
891 2
892 1
895 9
fn=init_tls
734 4
736 2
740 3
746 2
749 1
750 1
751 1
755 1
757 1
761 2
762 2
763 18
764 7
765 14
769 9
771 3
773 3
776 2
779 1
786 2
787 2
793 2
797 1
800 5
fn=map_doit
641 6
643 4
644 6
646 3
fn=version_check_doit
674 6
676 6
680 3
fl=./elf/./get-dynamic-info.h
fn=_dl_start
45 75
49 36
51 10
52 5
54 20
55 16
56 5
59 4
62 4
64 4
68 18
72 3
84 4
85 3
86 4
87 4
88 5
89 3
90 4
91 4
103 10
110 3
123 3
129 3
130 3
133 2
134 3
139 5
142 5
fn=dl_main
39 4
43 1
45 119
49 58
51 12
52 6
54 25
55 21
56 5
59 4
62 4
64 4
68 29
72 7
84 3
85 5
86 5
87 5
88 4
89 5
90 5
91 5
103 9
110 3
115 2
122 3
123 4
129 3
147 4
152 2
154 2
156 2
158 2
159 2
162 4
164 3
165 2
174 2
175 3
180 2
181 3
184 3
fl=./elf/./setup-vdso.h
fn=dl_main
24 2
fl=./iconv/./iconv/gconv_simple.c
fn=__gconv_btwoc_ascii
49 128
51 512
54 128
fl=./io/../sysdeps/unix/sysv/linux/access.c
fn=access
25 1
27 7
31 1
fl=./io/../sysdeps/unix/sysv/linux/close_nocancel.c
fn=__GI___close_nocancel
25 6
26 24
27 6
fl=./io/../sysdeps/unix/sysv/linux/fstat64.c
fn=fstat
30 7
39 28
72 7
fl=./io/../sysdeps/unix/sysv/linux/fstatat64.c
fn=fstatat
91 4
146 4
160 2
161 7
162 1
fl=./io/../sysdeps/unix/sysv/linux/open64_nocancel.c
fn=__open_nocancel
28 44
31 77
39 92
41 22
fl=./io/../sysdeps/unix/sysv/linux/pread64_nocancel.c
fn=__pread64_nocancel
25 4
26 8
27 2
fl=./io/../sysdeps/unix/sysv/linux/read_nocancel.c
fn=__read_nocancel
25 5
26 20
27 5
fl=./io/../sysdeps/unix/sysv/linux/stat64.c
fn=stat
28 4
29 8
fl=./io/../sysdeps/unix/sysv/linux/write.c
fn=write
25 3
26 18
27 3
fl=./libio/../include/printf_buffer.h
fn=vsnprintf
124 6
127 2
128 2
137 4
fl=./libio/../include/sys/sysmacros.h
fn=_IO_file_doallocate
47 6
fl=./libio/./libio/filedoalloc.c
fn=_IO_file_doallocate
78 11
84 9
86 4
89 2
91 2
94 2
97 4
101 3
102 2
104 4
105 1
106 9
fl=./libio/./libio/fileops.c
fn=_IO_do_write@@GLIBC_2.2.5
424 37
426 24
427 25
434 6
441 12
444 3
449 15
450 15
452 9
453 6
454 3
455 6
456 12
fn=_IO_file_overflow@@GLIBC_2.2.5
732 120
733 60
740 73
743 2
745 2
746 6
755 3
764 3
765 1
766 1
767 1
768 1
769 3
771 3
772 5
773 2
775 30
776 4
777 16
778 26
781 39
782 39
783 52
784 8
785 6
787 13
788 88
fn=_IO_file_setbuf@@GLIBC_2.2.5
382 6
383 3
386 1
388 3
390 2
391 3
fn=_IO_file_stat
1147 1
1148 2
fn=_IO_file_sync@@GLIBC_2.2.5
793 84
798 48
800 12
801 24
812 24
816 60
fn=_IO_file_write@@GLIBC_2.2.5
1174 24
1175 6
1176 18
1180 9
1181 9
1182 6
1187 3
1188 3
1190 9
1191 9
1194 18
fn=_IO_file_xsputn@@GLIBC_2.2.5
444 2
446 2
1198 54
1200 1
1204 24
1205 6
1211 24
1213 22
1214 10
1217 149
1219 198
1221 1
1228 3
1229 4
1232 3
1234 10
1236 25
1237 5
1238 15
1240 10
1244 12
1250 4
1251 10
1253 6
1264 4
1265 4
1267 3
1268 54
fl=./libio/./libio/genops.c
fn=_IO_cleanup
776 6
777 10
780 13
784 3
785 36
792 7
794 6
796 4
798 2
800 3
801 1
805 5
807 3
814 3
816 30
817 3
821 7
822 2
842 12
843 2
855 12
fn=_IO_default_setbuf
330 5
332 1
333 1
337 2
452 10
453 5
455 4
457 3
458 2
462 1
466 4
467 1
468 6
fn=_IO_default_xsputn
371 11
373 2
374 4
375 1
379 52
399 122
401 12
404 8
fn=_IO_doallocbuf
343 8
344 2
346 3
347 5
350 6
fn=_IO_flush_all
686 12
687 3
691 6
692 9
695 12
697 3
698 36
700 21
708 33
709 3
713 7
714 2
718 12
fn=_IO_setb
329 11
330 4
332 1
333 1
335 6
338 6
fn=__overflow
199 5
201 3
203 3
204 2
fl=./libio/./libio/iofflush.c
fn=fflush
32 66
33 22
39 132
40 55
44 55
fl=./libio/./libio/iofwrite.c
fn=fwrite
31 54
32 12
35 36
37 84
38 29
39 42
45 24
46 6
49 54
fl=./libio/./libio/libioP.h
fn=_IO_cleanup
1025 3
1026 2
fn=_IO_default_setbuf
1025 3
1026 2
fn=_IO_default_xsputn
1025 25
1026 24
fn=_IO_do_write@@GLIBC_2.2.5
1025 9
1026 6
fn=_IO_doallocbuf
1025 3
1026 2
fn=_IO_file_doallocate
1025 3
1026 2
fn=_IO_file_xsputn@@GLIBC_2.2.5
1025 6
1026 4
fn=_IO_flush_all
1025 2
fn=__overflow
1025 3
1026 2
fn=fflush
979 22
980 88
1025 33
1026 22
fn=fwrite
979 12
980 54
1025 12
1026 12
fl=./libio/./libio/putc.c
fn=putc
25 9
28 2
29 7
34 5
fl=./libio/./libio/vsnprintf.c
fn=vsnprintf
63 4
66 2
75 6
76 2
87 4
96 8
102 22
104 12
fl=./libio/./libio/vtables.c
fn=check_stdfiles_vtables
545 1
546 4
547 3
548 3
550 1
fl=./locale/./locale/newlocale.c
fn=newlocale
43 15
55 2
56 1
63 2
66 3
73 4
75 1
277 12
fl=./locale/./locale/uselocale.c
fn=uselocale
30 6
31 18
33 12
36 12
37 6
65 18
66 18
68 18
72 18
73 6
fl=./malloc/../string/bits/string_fortified.h
fn=tcache_init.part.0
59 88
fl=./malloc/../sysdeps/unix/sysv/linux/not-cancel.h
fn=ptmalloc_init.part.0
97 6
fl=./malloc/./malloc/arena.c
fn=free
153 24
fn=malloc
153 26
264 1
fn=ptmalloc_init.part.0
262 8
267 1
292 2
296 3
300 4
301 4
302 4
303 4
304 4
305 4
306 4
308 4
309 4
310 4
313 4
314 4
316 2
326 8
fl=./malloc/./malloc/malloc.c
fn=_int_free
1792 8
4495 56
4499 24
4505 32
4506 16
4510 40
4517 16
4518 48
4561 16
4637 16
4640 16
4643 16
4646 16
4658 40
fn=_int_free_maybe_consolidate
4770 88
4776 16
4778 4
4781 3
4784 5
4798 88
fn=_int_free_merge_chunk
1992 24
4665 64
4666 8
4670 48
4673 32
4675 24
4678 24
4681 16
4682 16
4683 16
4689 16
4691 4
4692 4
4693 4
4694 16
4696 8
4701 24
4702 56
4714 16
4720 14
4721 6
4722 6
4724 4
4732 7
4733 28
4734 14
4736 7
4738 14
4740 21
4743 7
4744 7
4746 21
4747 7
4756 1
4757 3
4758 2
fn=_int_malloc
1326 28
1345 84
1794 14
1985 3
2008 12
2017 2
2552 30
2553 2
2564 10
2565 9
2568 12
2576 18
2577 6
2589 8
2590 4
2599 16
2605 3
2608 6
2669 6
2677 4
2678 6
2691 6
2693 2
2699 10
2707 4
2709 8
2710 6
2711 2
2712 2
2715 4
2744 10
2745 1
2746 4
2752 16
2753 6
2755 4
2782 2
2783 1
2795 3
2814 2
2817 2
2818 6
2820 1
2821 6
2833 5
2873 1
2875 1
2876 5
2877 1
2888 3
2921 6
2922 2
2926 2
2930 10
2932 2
2933 2
2934 2
2935 14
2936 4
2938 2
3846 154
3882 1
3887 28
3914 28
3977 28
3979 6
3980 2
3982 3
4039 186
4040 39
4058 40
4059 42
4060 42
4069 2
4070 74
4072 1
4073 2
4074 1
4076 2
4077 3
4079 1
4080 4
4082 4
4084 2
4085 2
4087 2
4098 4
4127 1
4128 1
4132 2
4161 2
4169 18
4170 3
4171 1
4174 2
4218 4
4221 7
4222 1
4223 1
4224 1
4225 1
4230 2
4231 2
4240 4
4246 2
4257 42
4259 52
4262 39
4263 14
4330 14
4331 28
4332 28
4333 28
4334 84
4339 56
4343 49
4346 12
4348 4
4349 2
4353 46
4355 22
4357 44
4361 1
4364 2
4373 4
4376 2
4378 3
4381 3
4384 4
4394 1
4399 4
4400 2
4403 1
4404 1
4405 1
4408 2
4410 2
4412 2
4415 8
4417 3
4418 1
4421 1
4443 13
4444 26
4446 26
4449 39
4451 8
4452 16
4453 8
4454 64
4456 16
4459 16
4460 39
4461 13
4466 20
4482 8
4487 168
fn=alloc_perturb
1985 39
1987 13
fn=free
3359 77
3363 22
3371 22
3373 11
3375 33
3379 9
3381 12
3383 6
3384 6
3385 3
3388 6
3392 24
3398 24
3401 11
3402 66
fn=malloc
1326 26
1345 65
3248 4
3294 104
3301 26
3311 26
3313 52
3316 26
3318 3
3326 26
3328 52
3329 65
3354 78
fn=munmap_chunk
3024 6
3025 6
3026 9
3028 6
3030 3
3031 9
3032 3
3038 12
3039 15
3042 3
3043 9
3048 6
3049 3
fn=ptmalloc_init.part.0
1946 385
1949 381
1957 1
1958 1
1960 1
3143 2
fn=sysmalloc_mmap.isra.0
2008 12
2400 18
2413 9
2418 6
2421 30
2424 6
2428 6
2432 12
2448 9
2466 3
2467 9
2471 9
2472 15
2475 9
2476 15
2481 21
fn=tcache_init.part.0
3242 4
3251 8
3252 3
3253 2
3261 4
3270 2
3274 3
fn=unlink_chunk.isra.0
1608 16
1610 40
1613 16
1614 16
1616 32
1619 8
1620 8
1621 40
1623 2
1624 3
1627 2
1641 1
1642 1
1645 16
fl=./malloc/./malloc/morecore.c
fn=__glibc_morecore
25 9
26 6
29 3
30 6
34 6
fl=./malloc/./malloc/scratch_buffer_set_array_size.c
fn=__libc_scratch_buffer_set_array_size
30 65
34 5
35 10
45 10
46 5
63 30
fl=./math/../sysdeps/ieee754/dbl-64/s_sin.c
fn=__cos_avx
104 3354
105 381
107 6155
108 3920
111 1960
112 6860
113 5880
114 10780
115 7840
116 1753
128 3868
129 3477
133 2649
134 1515
135 2649
136 2649
139 1766
140 7064
141 7064
142 9713
143 6181
144 4695
156 6016
157 3008
159 9024
160 3008
163 3008
164 3008
165 3008
167 3008
168 3008
169 4512
171 1504
172 1504
182 3008
189 4560
265 18432
276 6144
279 4096
280 2048
282 4092
288 3678
290 1340
291 1340
292 1005
298 3008
301 1504
319 18432
fn=__sin_avx
104 1627
105 378
107 3112
108 2016
111 1008
112 3528
113 3024
114 5544
115 5065
116 1285
128 6871
129 12176
133 3671
134 543
135 2613
136 2613
139 1742
140 6968
141 6968
142 9581
143 6097
144 1710
156 2696
157 2022
159 4044
163 1348
164 1348
165 1348
167 1348
168 1348
169 2022
171 674
172 674
182 1348
189 2334
201 18432
211 6144
212 4096
214 7
218 4094
225 1852
227 1260
229 4686
233 1348
254 16384
fl=./math/../sysdeps/x86/fpu/fenv_private.h
fn=__cos_avx
415 2048
416 8192
419 4096
425 2046
431 4092
fn=__sin_avx
415 2048
416 8192
419 4096
425 2047
431 4094
fl=./math/../sysdeps/x86_64/fpu/multiarch/e_asin.c
fn=__acos_finite@GLIBC_2.15
35 1
fn=__asin_finite@GLIBC_2.15
27 2
fl=./math/../sysdeps/x86_64/fpu/multiarch/e_atan2.c
fn=__atan2_finite@GLIBC_2.15
26 2
fl=./math/../sysdeps/x86_64/fpu/multiarch/e_exp.c
fn=__exp_finite@GLIBC_2.15
27 2
fl=./math/../sysdeps/x86_64/fpu/multiarch/e_exp2f.c
fn=exp2f@@GLIBC_2.27
27 2
fl=./math/../sysdeps/x86_64/fpu/multiarch/e_expf.c
fn=expf@@GLIBC_2.27
27 2
fl=./math/../sysdeps/x86_64/fpu/multiarch/e_log.c
fn=__log_finite@GLIBC_2.15
27 2
fl=./math/../sysdeps/x86_64/fpu/multiarch/e_log2.c
fn=log2@@GLIBC_2.29
27 2
fl=./math/../sysdeps/x86_64/fpu/multiarch/e_log2f.c
fn=log2f@@GLIBC_2.27
27 2
fl=./math/../sysdeps/x86_64/fpu/multiarch/e_logf.c
fn=logf@@GLIBC_2.27
27 2
fl=./math/../sysdeps/x86_64/fpu/multiarch/e_pow.c
fn=__pow_finite@GLIBC_2.15
27 2
fl=./math/../sysdeps/x86_64/fpu/multiarch/e_powf.c
fn=powf@@GLIBC_2.27
30 1
fl=./math/../sysdeps/x86_64/fpu/multiarch/ifunc-avx-fma4.h
fn=__atan2_finite@GLIBC_2.15
32 4
36 3
39 4
fn=__exp_finite@GLIBC_2.15
32 4
36 3
39 4
fn=__log_finite@GLIBC_2.15
32 4
36 3
39 4
fn=cos
32 8
36 6
39 8
fn=sin
32 8
36 6
39 8
fl=./math/../sysdeps/x86_64/fpu/multiarch/ifunc-fma.h
fn=__log1p
29 4
fn=cosf
29 4
fn=exp2f@@GLIBC_2.27
29 4
fn=expf@@GLIBC_2.27
29 4
fn=expm1
29 4
fn=log2@@GLIBC_2.29
29 4
fn=log2f@@GLIBC_2.27
29 4
fn=logf@@GLIBC_2.27
29 4
fn=powf@@GLIBC_2.27
29 4
30 1
fn=sincosf
29 4
fn=sinf
29 4
fl=./math/../sysdeps/x86_64/fpu/multiarch/ifunc-fma4.h
fn=__acos_finite@GLIBC_2.15
31 3
35 5
fn=__asin_finite@GLIBC_2.15
31 3
35 4
fn=__pow_finite@GLIBC_2.15
31 3
35 4
fn=sincos
31 3
35 4
fl=./math/../sysdeps/x86_64/fpu/multiarch/s_cosf.c
fn=cosf
26 2
fl=./math/../sysdeps/x86_64/fpu/multiarch/s_expm1.c
fn=expm1
26 2
fl=./math/../sysdeps/x86_64/fpu/multiarch/s_fma.c
fn=fma
49 10
fl=./math/../sysdeps/x86_64/fpu/multiarch/s_log1p.c
fn=__log1p
26 2
fl=./math/../sysdeps/x86_64/fpu/multiarch/s_sin.c
fn=cos
34 4
fn=sin
27 4
fl=./math/../sysdeps/x86_64/fpu/multiarch/s_sincos.c
fn=sincos
26 2
fl=./math/../sysdeps/x86_64/fpu/multiarch/s_sincosf.c
fn=sincosf
26 2
fl=./math/../sysdeps/x86_64/fpu/multiarch/s_sinf.c
fn=sinf
26 2
fl=./misc/../sysdeps/unix/syscall-template.S
fn=mprotect
117 35
122 7
fn=munmap
117 20
122 4
fl=./misc/../sysdeps/unix/sysv/linux/brk.c
fn=brk
36 3
37 6
38 6
44 3
45 3
fl=./misc/../sysdeps/unix/sysv/linux/brk_call.h
fn=brk
24 6
fl=./misc/../sysdeps/unix/sysv/linux/mmap64.c
fn=mmap
47 203
50 58
53 128
58 174
60 116
fl=./misc/../sysdeps/unix/sysv/linux/setvmaname.c
fn=__set_vma_name
33 33
35 26
40 14
47 2
48 1
49 36
fl=./misc/./misc/init-misc.c
fn=__init_misc
30 5
31 6
33 3
37 5
38 3
40 4
fl=./misc/./misc/sbrk.c
fn=sbrk
37 24
40 6
43 6
58 6
59 4
62 6
63 2
66 8
74 6
78 21
fl=./nptl/../sysdeps/nptl/futex-internal.h
fn=__pthread_once_slow
209 8
fl=./nptl/../sysdeps/unix/sysv/linux/x86/elision-conf.c
fn=__lll_elision_init
92 8
96 5
98 4
100 4
102 4
104 4
107 3
108 1
109 6
fl=./nptl/./nptl/alloca_cutoff.c
fn=__libc_alloca_cutoff
27 2
28 18
35 2
fl=./nptl/./nptl/cleanup_compat.c
fn=_pthread_cleanup_pop@@GLIBC_2.34
40 1
43 2
47 2
49 1
fn=_pthread_cleanup_push@@GLIBC_2.34
25 1
28 1
29 1
30 2
32 1
33 1
fl=./nptl/./nptl/libc-cleanup.c
fn=__libc_cleanup_pop_restore
54 2
55 2
57 4
59 2
60 6
71 2
fn=__libc_cleanup_push_defer
24 2
25 2
27 4
29 4
32 4
46 6
48 2
49 2
fl=./nptl/./nptl/pthread_mutex_conf.c
fn=__pthread_tunables_init
55 8
56 5
58 4
60 4
62 6
fl=./nptl/./nptl/pthread_mutex_lock.c
fn=pthread_mutex_lock@@GLIBC_2.2.5
44 1
45 7
46 1
77 5
80 3
82 1
84 2
88 2
97 2
108 4
112 1
115 2
124 1
130 3
131 2
179 1
182 1
184 1
187 1
190 3
fl=./nptl/./nptl/pthread_mutex_unlock.c
fn=pthread_mutex_unlock@@GLIBC_2.2.5
39 1
40 4
41 1
51 3
52 2
57 2
62 1
65 1
70 1
72 1
74 2
80 4
84 3
87 2
367 4
369 2
fl=./nptl/./nptl/pthread_once.c
fn=__pthread_once_slow
68 11
76 1
80 2
88 2
92 2
101 4
114 13
116 1
118 3
124 1
132 10
fn=pthread_once@@GLIBC_2.34
136 16
139 16
140 32
143 1
144 30
fl=./posix/../malloc/dynarray-skeleton.c
fn=__unregister_atfork
243 5
fl=./posix/../sysdeps/unix/sysv/linux/_exit.c
fn=_Exit
27 2
30 4
fl=./posix/./posix/register-atfork.c
fn=__unregister_atfork
71 10
82 30
83 20
109 20
110 15
fl=./resource/../sysdeps/unix/sysv/linux/getrlimit64.c
fn=getrlimit
38 2
39 7
40 1
fl=./setjmp/../sysdeps/x86_64/bsd-_setjmp.S
fn=_setjmp
28 1
30 1
32 1
fl=./setjmp/../sysdeps/x86_64/setjmp.S
fn=__sigsetjmp
31 15
33 15
42 15
43 30
44 15
48 15
49 15
50 15
51 15
52 15
54 30
56 15
57 15
58 15
60 30
62 15
67 1
68 1
70 14
73 14
74 14
81 14
82 14
85 1
fl=./setjmp/./setjmp/sigjmp.c
fn=__sigjmp_save
28 6
29 1
30 2
34 4
fl=./stdio-common/../include/../locale/localeinfo.h
fn=__printf_fp_l_buffer
331 6
fl=./stdio-common/../include/printf_buffer.h
fn=__printf_fp_buffer_1.isra.0
163 12
fl=./stdio-common/../include/rounding-mode.h
fn=__printf_fp_buffer_1.isra.0
52 6
58 2
fl=./stdio-common/../string/bits/string_fortified.h
fn=__printf_buffer_write
29 6
fn=__printf_fp_buffer_1.isra.0
29 8
fl=./stdio-common/../sysdeps/generic/get-rounding-mode.h
fn=__printf_fp_buffer_1.isra.0
94 2
95 14
fl=./stdio-common/../sysdeps/pthread/allocalim.h
fn=__printf_fp_buffer_1.isra.0
27 4
29 10
fl=./stdio-common/./stdio-common/Xprintf_buffer_done.c
fn=__printf_buffer_done
25 2
26 6
31 4
33 24
40 2
fl=./stdio-common/./stdio-common/Xprintf_buffer_write.c
fn=__printf_buffer_write
27 48
28 18
31 20
33 10
36 2
37 4
40 6
41 2
44 36
fl=./stdio-common/./stdio-common/printf-parse.h
fn=__printf_buffer
82 18
fl=./stdio-common/./stdio-common/printf_fp.c
fn=__printf_fp_buffer_1.isra.0
91 21
93 21
95 14
101 14
105 49
107 28
108 7
110 14
111 35
118 7
122 21
123 14
124 35
138 36
159 16
177 2
187 2
221 4
222 2
226 6
230 34
234 2
266 10
267 2
268 4
271 34
272 32
273 32
279 2
280 4
283 2
293 2
294 14
297 6
301 8
305 8
306 2
308 12
309 18
310 4
311 14
313 4
318 26
322 154
324 10
327 6
337 3
368 4
369 8
375 6
377 1
380 2
381 2
382 3
385 26
388 8
389 8
390 10
391 8
394 26
396 52
397 4
403 5
407 24
411 8
413 4
439 4
442 16
458 8
460 6
461 12
463 14
477 4
665 6
674 12
676 4
680 4
686 4
694 2
706 10
707 10
720 2
721 4
722 10
728 6
731 12
738 6
746 6
759 34
760 4
763 6
766 35
769 15
771 2
773 12
774 13
775 6
787 2
788 10
789 13
790 53
792 7
793 7
794 21
795 14
796 3
805 10
806 8
808 14
830 2
834 2
835 5
840 6
841 3
842 2
844 2
855 2
924 11
931 4
935 6
980 14
983 4
987 10
991 6
994 8
996 16
999 8
1001 6
1003 4
1006 4
1009 6
1022 8
1024 6
1028 6
1030 22
fn=__printf_fp_l_buffer
1099 38
1102 6
1111 2
1112 4
1115 10
1116 10
1117 6
1122 14
1126 2
1147 22
fn=hack_digit
88 35
91 21
93 21
95 14
101 14
105 49
107 28
108 7
110 14
111 42
118 14
122 28
123 14
124 20
128 35
fl=./stdio-common/./stdio-common/vfprintf-internal.c
fn=__printf_buffer
263 6
264 6
266 2
600 30
627 10
631 2
634 2
638 8
642 2
653 6
654 4
655 6
659 4
663 16
683 2
684 2
685 2
686 2
687 2
690 4
691 2
692 2
693 2
694 2
695 2
698 2
699 2
705 28
709 2
744 4
813 2
814 6
818 4
819 8
834 14
837 12
855 28
891 4
973 10
976 68
996 22
997 4
1001 2
1018 2
1024 2
1028 6
1029 4
1031 4
1044 22
fl=./stdlib/../stdlib/strtol.c
fn=__isoc23_strtol
125 1
126 5
fl=./stdlib/../stdlib/strtol_l.c
fn=____strtol_l_internal
238 13
252 1
257 1
258 2
264 2
292 1
295 4
304 6
306 2
310 1
311 2
316 2
320 2
335 2
342 2
345 4
393 1
394 1
395 1
449 8
451 21
453 12
477 1
478 1
481 12
484 16
489 6
490 12
495 2
500 3
506 2
507 2
509 3
524 1
546 8
fl=./stdlib/../sysdeps/ieee754/dbl-64/dbl2mpn.c
fn=__mpn_extract_double
33 6
35 2
37 6
38 10
47 6
56 6
103 4
107 4
fl=./stdlib/../sysdeps/x86_64/lshift.S
fn=__mpn_lshift
28 2
29 2
30 2
32 2
33 2
34 2
46 2
47 2
48 2
49 2
50 2
51 2
52 2
58 2
59 2
60 2
fl=./stdlib/../sysdeps/x86_64/mul_1.S
fn=__mpn_mul_1
31 15
32 15
35 15
36 15
37 15
38 15
39 15
41 15
42 15
44 15
45 15
46 15
47 15
48 14
50 14
51 14
52 14
53 14
79 1
80 1
81 1
82 1
83 1
84 1
85 1
86 1
87 1
113 1
114 1
115 1
117 1
118 1
119 1
120 1
121 1
122 15
124 15
127 15
fl=./stdlib/../sysdeps/x86_64/rshift.S
fn=__mpn_rshift
28 4
29 4
30 4
31 4
44 4
45 4
61 4
62 4
63 4
64 4
65 4
66 4
67 4
72 4
73 4
74 4
75 4
76 4
fl=./stdlib/./stdlib/cmp.c
fn=__mpn_cmp
31 3
35 6
37 3
38 3
39 6
47 15
fl=./stdlib/./stdlib/cxa_atexit.c
fn=__cxa_atexit
41 24
43 96
44 24
46 24
52 36
53 12
54 12
55 12
56 12
57 48
58 12
67 84
69 72
fn=__new_exitfn
80 60
81 12
86 24
91 76
93 48
94 55
101 1
104 22
122 1
123 1
129 33
130 22
134 1
136 12
137 12
141 60
fl=./stdlib/./stdlib/cxa_finalize.c
fn=__cxa_finalize
30 50
33 35
36 35
40 196
41 132
43 22
45 11
76 11
78 33
81 44
82 33
83 44
87 33
93 35
97 30
105 10
106 20
107 40
fl=./stdlib/./stdlib/cxa_thread_atexit_impl.c
fn=__call_tls_dtors
148 5
149 4
165 4
fl=./stdlib/./stdlib/divrem.c
fn=__mpn_divrem
46 196
47 14
49 28
62 14
63 14
65 28
67 1
68 2
72 112
73 30
76 28
79 14
81 14
234 126
fl=./stdlib/./stdlib/exit.c
fn=__run_exit_handlers
38 12
40 2
41 2
43 5
54 2
56 2
60 1
64 39
66 24
67 12
69 106
94 2
101 1
102 1
103 1
104 3
107 4
108 3
109 4
113 3
119 3
120 2
126 4
128 2
129 2
131 2
fn=exit
137 3
138 4
fl=./stdlib/./stdlib/getenv.c
fn=getenv
24 9
25 8
28 2
29 247
31 122
32 66
37 9
fl=./stdlib/./stdlib/mul.c
fn=__mpn_mul
48 17
54 2
66 2
71 1
72 2
81 4
83 1
84 1
88 2
141 1
142 11
fl=./stdlib/./stdlib/secure-getenv.c
fn=secure_getenv
28 1
29 5
fl=./string/../include/rtld-malloc.h
fn=strdup
56 12
fl=./string/../string/strcspn.c
fn=strcspn
32 6
33 3
34 2
39 6
40 4
41 4
42 4
44 1
47 9
48 6
51 4
52 4
53 4
54 4
56 3
61 12
62 24
63 24
64 24
65 12
67 72
69 1
70 4
71 3
fl=./string/../sysdeps/x86/cacheinfo.c
fn=__x86_cacheinfo
86 1
fl=./string/../sysdeps/x86/cacheinfo.h
fn=__x86_cacheinfo
59 1
62 3
64 3
65 1
71 3
73 3
74 1
78 2
80 2
81 2
82 2
84 2
86 2
fl=./string/../sysdeps/x86_64/multiarch/../multiarch/memset-vec-unaligned-erms.S
fn=memset
132 12
133 60
138 12
139 12
142 5
143 5
145 1
146 1
147 1
244 4
245 4
257 4
260 4
261 4
273 4
274 4
287 4
288 4
290 4
293 3
296 6
299 93
300 93
301 93
302 93
303 93
304 93
305 93
308 4
309 4
310 4
311 4
316 4
350 7
352 7
353 7
392 7
393 7
395 7
fl=./string/../sysdeps/x86_64/multiarch/../multiarch/strchr-sse2.S
fn=index
32 29
33 29
34 29
35 29
36 29
37 29
38 29
39 29
40 29
41 29
42 29
43 29
44 29
45 29
46 29
47 29
48 29
49 29
50 24
54 24
55 24
56 24
57 24
59 24
63 5
64 5
65 5
66 5
67 5
68 5
69 5
70 5
71 5
72 5
73 5
74 5
75 5
76 5
77 5
78 5
79 5
80 5
81 5
82 5
83 5
84 5
85 5
86 5
138 5
142 5
143 5
144 5
145 5
147 5
fl=./string/../sysdeps/x86_64/multiarch/../multiarch/strcmp-sse2.S
fn=strcmp
98 2359
131 2359
132 2359
134 2359
135 2359
156 2359
157 2359
158 2204
159 2204
160 2093
161 2093
162 2093
163 2093
180 2093
181 2093
182 2093
183 2093
184 2093
185 2093
186 2093
191 22
192 66
201 288
202 288
203 288
204 288
205 288
206 288
207 288
208 288
209 207
210 98
211 98
212 98
214 207
215 207
216 207
217 207
218 207
219 207
229 81
230 81
231 81
233 81
239 81
240 81
241 81
242 81
243 81
248 81
250 73
251 73
252 146
260 73
261 73
264 73
265 73
266 73
267 73
268 73
269 73
300 6
301 6
302 6
303 6
304 6
306 6
307 6
308 6
309 6
310 6
311 6
312 6
313 6
316 6
317 6
318 6
324 6
325 6
326 12
330 6
331 6
334 6
335 6
336 6
338 6
339 6
340 6
344 6
345 6
346 6
347 6
348 6
349 6
661 1
662 1
663 1
664 1
665 1
667 1
668 1
669 1
670 1
671 1
672 1
673 1
780 2
781 2
782 2
783 2
784 2
786 2
787 2
788 2
789 2
790 2
791 2
792 2
793 1
797 1
798 1
799 1
805 1
806 1
807 2
811 1
812 1
815 1
816 1
817 1
819 1
820 1
821 1
825 1
826 1
827 1
828 1
829 1
830 1
899 4
900 4
901 4
902 4
903 4
905 4
906 4
907 4
908 4
909 4
910 4
911 4
912 3
916 3
917 3
918 3
924 3
925 3
926 6
930 3
931 3
934 3
935 3
936 3
938 3
939 3
940 3
944 3
945 3
946 3
947 3
948 3
949 3
956 1
957 1
959 1
960 1
962 1
963 1
964 1
966 1
967 1
968 1
972 1
973 1
974 1
975 1
976 1
977 1
1018 5
1019 5
1020 5
1021 5
1022 5
1024 5
1025 5
1026 5
1027 5
1028 5
1029 5
1030 5
1031 4
1035 4
1036 4
1037 4
1043 4
1044 4
1045 8
1049 4
1050 4
1053 4
1054 4
1055 4
1057 4
1058 4
1059 4
1063 4
1064 4
1065 4
1066 4
1067 4
1068 4
1137 12
1138 12
1139 12
1140 12
1141 12
1143 12
1144 12
1145 12
1146 12
1147 12
1148 12
1149 12
1150 4
1154 4
1155 4
1156 4
1162 4
1163 4
1164 8
1168 4
1169 4
1172 4
1173 4
1174 4
1176 4
1177 4
1178 4
1182 4
1183 4
1184 4
1185 4
1186 4
1187 4
1256 13
1257 13
1258 13
1259 13
1260 13
1262 13
1263 13
1264 13
1265 13
1266 13
1267 13
1268 13
1269 5
1273 5
1274 5
1275 5
1281 5
1282 5
1283 10
1287 5
1288 5
1291 5
1292 5
1293 5
1295 5
1296 5
1297 5
1301 5
1302 5
1303 5
1304 5
1305 5
1306 5
1375 18
1376 18
1377 18
1378 18
1379 18
1381 18
1382 18
1383 18
1384 18
1385 18
1386 18
1387 18
1388 9
1392 9
1393 9
1394 9
1400 9
1401 9
1402 18
1406 9
1407 9
1410 9
1411 9
1412 9
1414 9
1415 9
1416 9
1420 9
1421 9
1422 9
1423 9
1424 9
1425 9
1494 24
1495 24
1496 24
1497 24
1498 24
1500 24
1501 24
1502 24
1503 24
1504 24
1505 24
1506 24
1507 7
1511 7
1512 7
1513 7
1519 7
1520 7
1521 14
1525 7
1526 7
1529 7
1530 7
1531 7
1533 7
1534 7
1535 7
1539 7
1540 7
1541 7
1542 7
1543 7
1544 7
1551 1
1552 1
1554 1
1555 1
1557 1
1558 1
1559 1
1561 1
1562 1
1563 1
1567 1
1568 1
1569 1
1570 1
1571 1
1572 1
1613 42
1614 42
1615 42
1616 42
1617 42
1619 42
1620 42
1621 42
1622 42
1623 42
1624 42
1625 42
1626 10
1630 10
1631 10
1632 10
1638 10
1639 10
1640 20
1644 10
1645 10
1648 10
1649 10
1650 10
1652 10
1653 10
1654 10
1658 10
1659 10
1660 10
1661 10
1662 10
1663 10
1670 2
1671 2
1673 2
1674 2
1676 2
1677 2
1678 2
1680 2
1681 2
1682 2
1686 2
1687 2
1688 2
1689 2
1690 2
1691 2
1732 43
1733 43
1734 43
1735 43
1736 43
1738 43
1739 43
1740 43
1741 43
1742 43
1743 43
1744 43
1745 22
1749 22
1750 22
1751 22
1757 22
1758 22
1759 44
1763 23
1764 23
1767 23
1768 23
1769 23
1771 23
1772 23
1773 23
1777 23
1778 23
1779 23
1780 23
1781 23
1782 23
1789 2
1790 2
1792 2
1793 2
1795 2
1796 2
1797 2
1799 2
1800 2
1801 2
1805 2
1806 2
1807 2
1808 2
1809 2
1810 2
1817 1
1818 1
1819 1
1851 14
1852 14
1853 14
1854 14
1855 14
1857 14
1858 14
1859 14
1860 14
1861 14
1862 14
1863 14
1864 8
1868 8
1869 8
1870 8
1876 8
1877 8
1878 16
1882 9
1883 9
1886 9
1887 9
1888 9
1890 9
1891 9
1892 9
1896 9
1897 9
1898 9
1899 9
1900 9
1901 9
1908 2
1909 2
1911 2
1912 2
1914 2
1915 2
1916 2
1918 2
1919 2
1920 2
1924 2
1925 2
1926 2
1927 2
1928 2
1929 2
1936 1
1937 1
1938 1
1970 23
1971 23
1972 23
1973 23
1974 23
1976 23
1977 23
1978 23
1979 23
1980 23
1981 23
1982 23
1984 6
1988 6
1989 6
1990 6
1996 6
1997 6
1999 12
2003 6
2004 6
2007 6
2008 6
2009 6
2011 6
2012 6
2013 6
2017 6
2018 6
2019 6
2020 6
2021 6
2022 6
2029 1
2030 1
2032 1
2033 1
2035 1
2036 1
2037 1
2039 1
2040 1
2041 1
2045 1
2046 1
2047 1
2048 1
2049 1
2050 1
2093 158
2095 288
2096 288
2097 288
2098 288
2099 196
2104 2359
2110 2359
2111 2359
2119 2359
2120 2359
fn=strncmp
98 1
125 1
126 1
127 1
128 1
129 1
131 1
132 1
134 1
135 1
156 1
157 1
158 1
159 1
160 1
161 1
162 1
163 1
180 1
181 1
182 1
183 1
184 1
185 1
186 1
2104 1
2107 1
2108 1
2110 1
2111 1
2119 1
2120 1
fl=./string/../sysdeps/x86_64/multiarch/../multiarch/strlen-sse2.S
fn=strlen
57 30
101 30
102 30
103 30
104 30
105 30
106 30
107 30
109 30
111 30
142 28
143 28
144 28
145 28
146 28
147 14
149 14
153 14
154 14
155 14
156 14
157 14
158 14
159 14
160 14
161 14
162 14
163 14
164 14
169 112
173 2
174 28
175 16
fl=./string/../sysdeps/x86_64/multiarch/ifunc-avx2.h
fn=memrchr
38 4
40 3
fn=rindex
38 4
40 3
fn=strchrnul
38 4
40 3
fn=strlen
38 8
40 6
fn=strnlen
38 8
40 6
fl=./string/../sysdeps/x86_64/multiarch/ifunc-evex.h
fn=memchr
37 8
38 6
fl=./string/../sysdeps/x86_64/multiarch/ifunc-memcmp.h
fn=bcmp
34 10
fl=./string/../sysdeps/x86_64/multiarch/ifunc-memmove.h
fn=memcpy@@GLIBC_2.14
56 6
57 9
60 9
61 6
74 6
103 6
108 9
113 12
fn=memmove
56 2
57 3
60 3
61 2
74 2
103 2
108 3
113 4
fn=mempcpy
56 2
57 3
60 3
61 2
74 2
103 2
108 3
113 4
fl=./string/../sysdeps/x86_64/multiarch/ifunc-memset.h
fn=memset
54 10
57 6
58 4
64 4
73 4
103 8
fl=./string/../sysdeps/x86_64/multiarch/ifunc-sse4_2.h
fn=strcspn
36 5
fn=strpbrk
36 5
fn=strspn
36 5
fl=./string/../sysdeps/x86_64/multiarch/ifunc-strcasecmp.h
fn=strcasecmp
36 4
37 2
53 3
56 3
fn=strcasecmp_l
36 4
37 2
53 3
56 3
fn=strncasecmp
36 4
37 2
53 3
56 3
fn=strncasecmp_l
36 4
37 2
53 3
56 3
fl=./string/../sysdeps/x86_64/multiarch/ifunc-strcpy.h
fn=stpcpy
38 4
39 3
54 4
fn=strcat
38 4
39 3
54 4
fn=strcpy
38 4
39 3
54 4
fl=./string/../sysdeps/x86_64/multiarch/ifunc-strncpy.h
fn=stpncpy
35 5
fn=strncpy
35 5
fl=./string/../sysdeps/x86_64/multiarch/memchr-sse2.S
fn=__memchr_sse2
40 2
41 2
42 2
52 2
53 2
54 2
55 2
58 2
59 2
61 2
62 2
64 2
65 2
66 2
67 2
69 2
316 2
322 2
324 2
325 2
326 2
fl=./string/../sysdeps/x86_64/multiarch/memchr.c
fn=memchr
29 4
fl=./string/../sysdeps/x86_64/multiarch/memcmp-sse2.S
fn=__memcmp_sse2
59 50
71 50
72 50
94 49
95 49
97 49
98 49
111 49
112 49
113 49
114 49
115 49
116 49
117 49
118 49
120 49
121 49
122 10
123 10
197 39
198 39
199 39
200 39
201 39
202 39
255 1
257 1
258 1
259 1
260 1
261 1
262 1
269 1
271 1
341 1
342 1
343 1
344 1
345 1
346 1
348 1
349 1
351 1
352 1
391 1
392 1
393 1
394 1
395 1
396 1
397 1
398 1
399 1
407 1
408 1
479 1
480 1
481 1
482 2
485 3
486 3
488 3
489 3
491 3
492 3
494 3
495 3
497 3
498 3
499 3
501 3
502 3
503 3
505 3
506 3
507 3
508 3
510 1
512 1
516 1
517 1
fl=./string/../sysdeps/x86_64/multiarch/memcmp.c
fn=bcmp
29 6
fl=./string/../sysdeps/x86_64/multiarch/memcmpeq.c
fn=memcpy@@GLIBC_2.14
29 3
fl=./string/../sysdeps/x86_64/multiarch/memcpy.c
fn=memcpy@@GLIBC_2.14
29 3
fl=./string/../sysdeps/x86_64/multiarch/memmove-vec-unaligned-erms.S
fn=__memcpy_sse2_unaligned_erms
308 8
309 8
311 6
315 6
331 6
332 6
333 6
334 6
335 6
364 2
365 2
366 2
367 2
368 2
375 1
376 1
377 1
378 1
379 1
380 1
381 1
392 5
393 5
395 1
396 1
397 1
417 4
418 4
422 4
424 4
428 4
429 4
440 4
443 4
445 4
447 4
451 4
452 4
518 4
519 4
521 4
522 4
523 4
525 4
527 4
529 8
535 508
536 508
537 508
538 508
539 508
540 508
541 508
542 508
543 508
544 508
545 508
546 508
548 4
549 4
550 4
551 4
553 4
554 4
fn=__mempcpy_sse2_unaligned
197 5
198 5
199 5
200 5
fn=memcpy
210 33
211 33
217 57
218 57
220 31
221 31
222 31
224 14
225 14
226 14
228 14
308 26
309 26
311 7
315 7
316 7
317 7
318 1
319 1
323 1
325 7
364 19
365 19
366 19
367 19
368 19
375 15
376 15
377 15
378 15
379 15
380 15
381 15
392 17
393 17
395 15
396 15
397 15
417 2
418 2
422 2
424 2
440 2
443 2
445 2
447 2
451 2
452 2
461 2
462 2
464 2
466 2
467 2
468 2
471 2
473 2
475 2
477 2
483 6
484 6
485 6
486 6
487 6
488 6
489 6
490 6
491 6
492 6
493 6
494 6
496 2
497 2
498 2
499 2
501 2
505 2
fn=memcpy@GLIBC_2.2.5
210 12
211 12
217 17
218 17
220 9
221 9
222 9
224 4
225 4
226 4
230 4
fn=mempcpy
197 24
198 24
199 24
200 24
fl=./string/../sysdeps/x86_64/multiarch/memmove.c
fn=memmove
29 2
fl=./string/../sysdeps/x86_64/multiarch/mempcpy.c
fn=mempcpy
33 2
fl=./string/../sysdeps/x86_64/multiarch/memrchr.c
fn=memrchr
29 3
fl=./string/../sysdeps/x86_64/multiarch/memset-vec-unaligned-erms.S
fn=__memset_sse2_unaligned
132 6
133 30
138 6
139 6
142 6
143 6
fn=__memset_sse2_unaligned_erms
244 6
245 6
257 6
260 6
261 6
273 6
274 6
287 6
288 6
290 6
293 6
296 12
299 262644
300 262644
301 262644
302 262644
303 262644
304 262644
305 262644
308 6
309 6
310 6
311 6
316 6
fl=./string/../sysdeps/x86_64/multiarch/memset.c
fn=memset
29 4
fl=./string/../sysdeps/x86_64/multiarch/stpcpy.c
fn=stpcpy
33 2
fl=./string/../sysdeps/x86_64/multiarch/stpncpy.c
fn=stpncpy
31 2
fl=./string/../sysdeps/x86_64/multiarch/strcasecmp.c
fn=strcasecmp
31 3
fl=./string/../sysdeps/x86_64/multiarch/strcasecmp_l.c
fn=strcasecmp_l
31 3
fl=./string/../sysdeps/x86_64/multiarch/strcat.c
fn=strcat
29 2
fl=./string/../sysdeps/x86_64/multiarch/strchr-sse2.S
fn=__strchrnul_sse2
32 4
33 4
34 4
35 4
36 4
37 4
38 4
39 4
40 4
41 4
42 4
43 4
44 4
45 4
46 4
47 4
48 4
49 4
50 4
52 4
59 4
fl=./string/../sysdeps/x86_64/multiarch/strchr.c
fn=index
42 4
43 2
44 3
59 4
65 2
fl=./string/../sysdeps/x86_64/multiarch/strchrnul.c
fn=strchrnul
31 3
fl=./string/../sysdeps/x86_64/multiarch/strcmp-sse4_2.S
fn=__strncmp_sse42
108 11
138 11
139 11
140 11
141 11
142 11
144 11
145 11
147 11
148 11
169 11
170 11
171 11
172 11
213 11
214 11
215 11
216 11
217 11
218 11
219 11
220 11
221 11
222 11
223 7
224 7
225 7
227 11
228 11
229 11
230 11
231 11
232 11
233 11
234 11
235 11
598 2
600 2
601 2
602 2
603 2
604 2
605 2
606 2
866 1
868 1
869 1
870 1
871 1
872 1
873 1
874 1
1044 1
1046 1
1047 1
1048 1
1049 1
1050 1
1051 1
1052 1
1223 1
1225 1
1226 1
1227 1
1228 1
1229 1
1230 1
1231 1
1401 2
1403 2
1404 2
1405 2
1406 2
1407 2
1408 2
1409 2
1410 1
1412 6
1414 1
1415 1
1421 1
1422 1
1423 1
1425 1
1429 1
1430 1
1433 1
1434 1
1436 1
1442 1
1491 2
1493 2
1494 2
1495 2
1496 2
1497 2
1498 2
1499 2
1500 1
1502 6
1504 1
1505 1
1511 1
1512 1
1513 1
1515 1
1519 1
1520 1
1523 1
1524 1
1526 1
1532 1
1581 2
1583 2
1584 2
1585 2
1586 2
1587 2
1588 2
1589 2
1591 1
1593 6
1595 1
1596 1
1602 1
1603 1
1605 1
1607 1
1611 1
1612 1
1615 1
1616 1
1618 1
1624 1
1674 3
1676 3
1677 3
1679 3
1680 3
1681 3
1682 3
1683 3
1684 3
1693 3
1694 3
1697 8
1698 8
1699 8
1700 8
1701 7
1706 8
1709 8
1710 8
1712 8
1713 8
1721 8
1722 8
fl=./string/../sysdeps/x86_64/multiarch/strcmp.c
fn=strcmp
47 4
48 2
49 3
64 3
67 2
79 2
fl=./string/../sysdeps/x86_64/multiarch/strcpy.c
fn=strcpy
29 2
fl=./string/../sysdeps/x86_64/multiarch/strcspn.c
fn=strcspn
29 2
fl=./string/../sysdeps/x86_64/multiarch/strlen-sse2.S
fn=__strlen_sse2
57 75
101 75
102 75
103 75
104 75
105 75
106 75
107 75
109 75
111 75
142 75
143 75
144 75
145 75
146 75
147 73
149 73
153 2
154 2
155 2
156 2
157 2
158 2
159 2
160 2
161 2
162 2
163 2
164 2
169 16
fl=./string/../sysdeps/x86_64/multiarch/strlen.c
fn=strlen
29 6
fl=./string/../sysdeps/x86_64/multiarch/strncase.c
fn=strncasecmp
31 3
fl=./string/../sysdeps/x86_64/multiarch/strncase_l.c
fn=strncasecmp_l
31 3
fl=./string/../sysdeps/x86_64/multiarch/strncmp.c
fn=strncmp
43 4
44 2
60 3
61 3
67 3
fl=./string/../sysdeps/x86_64/multiarch/strncpy.c
fn=strncpy
29 2
fl=./string/../sysdeps/x86_64/multiarch/strnlen.c
fn=strnlen
31 6
fl=./string/../sysdeps/x86_64/multiarch/strpbrk.c
fn=strpbrk
29 2
fl=./string/../sysdeps/x86_64/multiarch/strrchr-sse2.S
fn=__strrchr_sse2
45 1
46 1
47 1
48 1
50 1
51 1
53 1
54 1
55 1
58 1
59 1
60 1
61 1
62 1
63 1
114 1
115 1
116 1
117 1
118 1
119 1
123 1
127 1
128 1
129 1
130 1
131 1
132 1
143 1
144 1
146 1
147 1
148 1
149 1
150 1
151 1
153 1
154 1
155 1
156 1
157 1
158 1
fl=./string/../sysdeps/x86_64/multiarch/strrchr.c
fn=rindex
28 3
fl=./string/../sysdeps/x86_64/multiarch/strspn.c
fn=strspn
29 2
fl=./string/./string/strdup.c
fn=strdup
40 36
41 12
44 12
47 24
48 18
fl=./time/../sysdeps/unix/sysv/linux/clock_gettime.c
fn=clock_gettime@@GLIBC_2.17
30 2
38 4
40 4
44 4
68 4
69 4
fl=./wcsmbs/../sysdeps/x86_64/multiarch/ifunc-avx2.h
fn=wcschr
38 8
40 6
fn=wcscmp
38 4
40 3
fl=./wcsmbs/../sysdeps/x86_64/multiarch/ifunc-evex.h
fn=wmemchr
37 8
38 6
fl=./wcsmbs/../sysdeps/x86_64/multiarch/ifunc-memcmp.h
fn=wmemcmp
34 5
fl=./wcsmbs/../sysdeps/x86_64/multiarch/ifunc-wcs.h
fn=wcpncpy
39 4
40 3
fn=wcscat
39 4
40 3
fn=wcsncpy
39 4
40 3
fl=./wcsmbs/../sysdeps/x86_64/multiarch/ifunc-wcslen.h
fn=wcslen
40 4
41 2
57 4
fn=wcsnlen
40 4
41 2
57 4
fl=./wcsmbs/../sysdeps/x86_64/multiarch/ifunc-wmemset.h
fn=wmemset
36 10
fl=./wcsmbs/../sysdeps/x86_64/multiarch/wcpcpy.c
fn=wcpncpy
31 1
fl=./wcsmbs/../sysdeps/x86_64/multiarch/wcpncpy.c
fn=wcpncpy
31 1
fl=./wcsmbs/../sysdeps/x86_64/multiarch/wcscat.c
fn=wcscat
31 2
fn=wcschr
31 2
fl=./wcsmbs/../sysdeps/x86_64/multiarch/wcschr.c
fn=wcschr
31 4
fl=./wcsmbs/../sysdeps/x86_64/multiarch/wcscmp.c
fn=wcscmp
30 3
fl=./wcsmbs/../sysdeps/x86_64/multiarch/wcscpy.c
fn=wcscpy
42 4
43 2
54 4
60 2
fl=./wcsmbs/../sysdeps/x86_64/multiarch/wcslen.c
fn=wcslen
29 2
fl=./wcsmbs/../sysdeps/x86_64/multiarch/wcsncpy.c
fn=wcsncpy
31 2
fl=./wcsmbs/../sysdeps/x86_64/multiarch/wcsnlen.c
fn=wcsnlen
30 2
fl=./wcsmbs/../sysdeps/x86_64/multiarch/wmemchr.c
fn=wmemchr
31 4
fl=./wcsmbs/../sysdeps/x86_64/multiarch/wmemcmp.c
fn=wmemcmp
29 3
fl=./wcsmbs/../sysdeps/x86_64/multiarch/wmemset.c
fn=wmemset
31 4
fl=./wcsmbs/./wcsmbs/btowc.c
fn=btowc
32 2560
37 1792
42 512
46 384
47 256
48 256
52 512
55 1152
94 1792
fl=./wcsmbs/./wcsmbs/wctob.c
fn=wctob
30 1280
39 384
44 256
45 128
79 1152
fl=./wcsmbs/./wcsmbsload.h
fn=btowc
69 128
70 384
fl=./wctype/./wctype/wctype_l.c
fn=wctype_l
26 110
29 20
32 30
33 68
35 174
37 410
40 48
41 96
45 20
46 10
47 80
fl=???
fn=(below main)
0 12
fn=???
0 12012
fn=Matrix::Matrix(int, int)
0 88
fn=Matrix::Matrix(int, int, double)
0 2621475
fn=__cpu_indicator_init
0 343
fn=__cxa_get_globals
0 16
fn=__gnu_cxx::stdio_sync_filebuf<char, std::char_traits<char> >::overflow(int)
0 7
fn=__gnu_cxx::stdio_sync_filebuf<char, std::char_traits<char> >::sync()
0 18
fn=__gnu_cxx::stdio_sync_filebuf<char, std::char_traits<char> >::xsputn(char const*, long)
0 36
fn=__gnu_cxx::stdio_sync_filebuf<wchar_t, std::char_traits<wchar_t> >::sync()
0 15
fn=computeTensors(int)
0 33017
fn=dot(std::vector<double, std::allocator<double> > const&, std::vector<double, std::allocator<double> > const&)
0 6162
fn=initTensorMatrices(std::vector<double, std::allocator<double> > const&, std::vector<double, std::allocator<double> > const&)
0 20994114
fn=main
0 170
fn=operator delete(void*)
0 22
fn=operator delete(void*, unsigned long)
0 22
fn=operator new(unsigned long)
0 176
fn=operator*(Matrix const&, Matrix const&)
0 12897506350
fn=std::_Tuple_impl<1ul, std::vector<double, std::allocator<double> >, std::vector<double, std::allocator<double> >, std::vector<double, std::allocator<double> > >::~_Tuple_impl()
0 14
fn=std::__cxx11::messages<char>::messages(unsigned long)
0 21
fn=std::__cxx11::messages<wchar_t>::messages(unsigned long)
0 21
fn=std::__cxx11::moneypunct<char, false>::_M_initialize_moneypunct(__locale_struct*, char const*)
0 114
fn=std::__cxx11::moneypunct<char, true>::_M_initialize_moneypunct(__locale_struct*, char const*)
0 115
fn=std::__cxx11::moneypunct<wchar_t, false>::_M_initialize_moneypunct(__locale_struct*, char const*)
0 109
fn=std::__cxx11::moneypunct<wchar_t, true>::_M_initialize_moneypunct(__locale_struct*, char const*)
0 109
fn=std::__cxx11::numpunct<char>::_M_initialize_numpunct(__locale_struct*)
0 417
fn=std::__cxx11::numpunct<wchar_t>::_M_initialize_numpunct(__locale_struct*)
0 353
fn=std::__num_base::_S_format_float(std::ios_base const&, char*, char)
0 60
fn=std::__timepunct<char>::_M_initialize_timepunct(__locale_struct*)
0 132
fn=std::__timepunct<char>::__timepunct(std::__timepunct_cache<char>*, unsigned long)
0 24
fn=std::__timepunct<wchar_t>::_M_initialize_timepunct(__locale_struct*)
0 129
fn=std::__timepunct<wchar_t>::__timepunct(std::__timepunct_cache<wchar_t>*, unsigned long)
0 24
fn=std::basic_ios<char, std::char_traits<char> >::_M_cache_locale(std::locale const&)
0 128
fn=std::basic_ios<char, std::char_traits<char> >::init(std::basic_streambuf<char, std::char_traits<char> >*)
0 96
fn=std::basic_ios<wchar_t, std::char_traits<wchar_t> >::_M_cache_locale(std::locale const&)
0 128
fn=std::basic_ios<wchar_t, std::char_traits<wchar_t> >::init(std::basic_streambuf<wchar_t, std::char_traits<wchar_t> >*)
0 96
fn=std::basic_ostream<char, std::char_traits<char> >& std::__ostream_insert<char, std::char_traits<char> >(std::basic_ostream<char, std::char_traits<char> >&, char const*, long)
0 228
fn=std::basic_ostream<char, std::char_traits<char> >& std::operator<< <std::char_traits<char> >(std::basic_ostream<char, std::char_traits<char> >&, char const*)
0 80
fn=std::basic_ostream<wchar_t, std::char_traits<wchar_t> >::flush()
0 174
fn=std::basic_ostream<wchar_t, std::char_traits<wchar_t> >::sentry::sentry(std::basic_ostream<wchar_t, std::char_traits<wchar_t> >&)
0 97
fn=std::chrono::_V2::system_clock::now()
0 32
fn=std::codecvt<char, char, __mbstate_t>::codecvt(unsigned long)
0 19
fn=std::codecvt<wchar_t, char, __mbstate_t>::codecvt(unsigned long)
0 19
fn=std::ctype<char>::_M_widen_init() const
0 754
fn=std::ctype<char>::ctype(unsigned short const*, bool, unsigned long)
0 121
fn=std::ctype<wchar_t>::_M_convert_to_wmask(unsigned short) const
0 146
fn=std::ctype<wchar_t>::_M_initialize_ctype()
0 2736
fn=std::ctype<wchar_t>::ctype(unsigned long)
0 21
fn=std::error_category::error_category()
0 10
fn=std::error_category::~error_category()
0 4
fn=std::future_category()
0 3
fn=std::ios_base::Init::Init()
0 272
fn=std::ios_base::Init::~Init()
0 26
fn=std::ios_base::_M_init()
0 224
fn=std::ios_base::ios_base()
0 480
fn=std::locale::_Impl::_Impl(unsigned long)
0 673
fn=std::locale::_Impl::_M_install_facet(std::locale::id const*, std::locale::facet const*)
0 12192
fn=std::locale::facet::_S_create_c_locale(__locale_struct*&, char const*, __locale_struct*)
0 14
fn=std::locale::facet::_S_get_c_locale()
0 240
fn=std::locale::facet::_S_get_c_name()
0 21
fn=std::locale::id::_M_id() const
0 972
fn=std::locale::locale()
0 484
fn=std::locale::locale(std::locale::_Impl*)
0 3
fn=std::locale::operator=(std::locale const&)
0 184
fn=std::locale::~locale()
0 96
fn=std::messages<char>::messages(unsigned long)
0 21
fn=std::messages<wchar_t>::messages(unsigned long)
0 21
fn=std::moneypunct<char, false>::_M_initialize_moneypunct(__locale_struct*, char const*)
0 114
fn=std::moneypunct<char, true>::_M_initialize_moneypunct(__locale_struct*, char const*)
0 115
fn=std::moneypunct<wchar_t, false>::_M_initialize_moneypunct(__locale_struct*, char const*)
0 109
fn=std::moneypunct<wchar_t, true>::_M_initialize_moneypunct(__locale_struct*, char const*)
0 109
fn=std::num_put<char, std::ostreambuf_iterator<char, std::char_traits<char> > >::do_put(std::ostreambuf_iterator<char, std::char_traits<char> >, std::ios_base&, char, double) const
0 8
fn=std::numpunct<char>::_M_initialize_numpunct(__locale_struct*)
0 417
fn=std::numpunct<wchar_t>::_M_initialize_numpunct(__locale_struct*)
0 353
fn=std::ostream& std::ostream::_M_insert<double>(double)
0 134
fn=std::ostream::flush()
0 215
fn=std::ostream::put(char)
0 44
fn=std::ostream::sentry::sentry(std::ostream&)
0 273
fn=std::ostreambuf_iterator<char, std::char_traits<char> > std::num_put<char, std::ostreambuf_iterator<char, std::char_traits<char> > >::_M_insert_float<double>(std::ostreambuf_iterator<char, std::char_traits<char> >, std::ios_base&, char, char, double) const
0 294
fn=std::uncaught_exception()
0 18
fn=std::vector<double, std::allocator<double> >::~vector()
0 61
fn=verifProduct(std::vector<double, std::allocator<double> > const&, std::vector<double, std::allocator<double> >&, std::vector<double, std::allocator<double> > const&, std::vector<double, std::allocator<double> >&, Matrix const&)
0 13639717
summary: 12939015930
